
      --------------------------------------------------
      ----------------object oriented version-----------
      --------------------------------------------------


      ------------------size mod of 4 ------------------
      ---------------------size pow 10------------------
      --------------------------------------------------
      |  1   | 2    |    3 |    4 |    5 |    6 |    7 |
      --------------------------------------------------
max|2 |0.0076|0.0236|0.2069|2.4733|26.9838|255.068|2309.22
      --------------------------------------------------
num|3 |0.0167|0.0419|0.3858|4.1228|44.7138|433.727|4314.11
      --------------------------------------------------
pow|4 |0.0101|0.0432|0.4358|4.5905|42.4533|429.153|4314.23
      --------------------------------------------------
   |5 |0.0143|0.0713|0.6083|6.1008|62.0323|630.773|6315.29
      --------------------------------------------------
2  |6 |0.0163|0.0621|0.6158|7.3441|62.1267|628.958|6304.4
      --------------------------------------------------

      ------------------size mod of 8 ------------------
      ---------------------size pow 10------------------
      --------------------------------------------------
      |  1   | 2    |    3 |    4 |    5 |    6 |    7 |
      --------------------------------------------------
max|2 |0.1094|0.0263|0.2302|2.1466|22.7497|228.865|2303.3
      --------------------------------------------------
num|3 |0.0093|0.0242|0.2205|2.2055|22.8613|226.658|2314.24
      --------------------------------------------------
pow|4 |0.0117|0.0447|0.5455|4.4147|43.9577|432.973|4406.73
      --------------------------------------------------
   |5 |0.0124|0.0445|0.4058|4.055|41.8984|430.084|4326.23
      --------------------------------------------------
2  |6 |0.0117|0.0433|0.4014|4.6221|42.2156|433.02|4341.24
      --------------------------------------------------

      ------------------size mod of 16 ------------------
      ---------------------size pow 10------------------
      --------------------------------------------------
      |  1   | 2    |    3 |    4 |    5 |    6 |    7 |
      --------------------------------------------------
max|2 |0.0191|0.0243|0.2243|2.1877|23.1079|230.527|2293.82
      --------------------------------------------------
num|3 |0.0093|0.0238|0.214|2.1241|22.3461|235.777|2295.13
      --------------------------------------------------
pow|4 |0.0086|0.0272|0.2134|2.224|23.807|228.782|2297.63
      --------------------------------------------------
   |5 |0.0145|0.0466|0.473|4.7459|43.1028|430.736|4299.26
      --------------------------------------------------
2  |6 |0.0215|0.0464|0.4031|4.2045|41.8412|429.463|4291.11
      --------------------------------------------------

      ------------------size mod of 32 ------------------
      ---------------------size pow 10------------------
      --------------------------------------------------
      |  1   | 2    |    3 |    4 |    5 |    6 |    7 |
      --------------------------------------------------
max|2 |0.0102|0.0281|0.2348|2.2269|23.0951|233.078|2282.3
      --------------------------------------------------
num|3 |0.0195|0.0281|0.2142|2.2431|22.5763|231.902|2284.49
      --------------------------------------------------
pow|4 |0.0134|0.0274|0.2268|2.2565|22.737|231.406|2293.99
      --------------------------------------------------
   |5 |0.0147|0.0282|0.343|2.1646|24.4202|236.879|2325.05
      --------------------------------------------------
2  |6 |0.0325|0.0547|0.4244|4.1533|43.6177|433.502|4326.64
      --------------------------------------------------

      --------------------------------------------------
      ----------------pointer oriented version-----------
      --------------------------------------------------


      ------------------size mod of 4 ------------------
      ---------------------size pow 10------------------
      --------------------------------------------------
      |  1   | 2    |    3 |    4 |    5 |    6 |    7 |
      --------------------------------------------------
max|2 |0.0056|0.0165|0.1427|1.507|17.7379|182.47|1823.31
      --------------------------------------------------
num|3 |0.0092|0.03|0.2664|2.832|32.4554|348.994|3535.21
      --------------------------------------------------
pow|4 |0.009|0.0288|0.2794|2.6144|35.1367|401.047|4058.5
      --------------------------------------------------
   |5 |0.012|0.0447|0.4567|3.8103|49.5403|607.592|6154.31
      --------------------------------------------------
2  |6 |0.0125|0.0424|0.3702|4.8526|51.0433|668.851|6713.33
      --------------------------------------------------

      ------------------size mod of 8 ------------------
      ---------------------size pow 10------------------
      --------------------------------------------------
      |  1   | 2    |    3 |    4 |    5 |    6 |    7 |
      --------------------------------------------------
max|2 |0.0066|0.0186|0.1465|1.5798|17.796|194.092|1815.05
      --------------------------------------------------
num|3 |0.017|0.0174|0.1431|1.5255|16.8148|181.812|1834.28
      --------------------------------------------------
pow|4 |0.0107|0.0289|0.2762|3.2135|36.3079|360.955|3615.19
      --------------------------------------------------
   |5 |0.01|0.0303|0.2602|2.8911|35.5301|412.652|4225.77
      --------------------------------------------------
2  |6 |0.019|0.0304|0.2881|3.3176|42.6521|459.499|4506.64
      --------------------------------------------------

      ------------------size mod of 16 ------------------
      ---------------------size pow 10------------------
      --------------------------------------------------
      |  1   | 2    |    3 |    4 |    5 |    6 |    7 |
      --------------------------------------------------
max|2 |0.0084|0.0174|0.1481|1.5799|17.17|179.65|1811.61
      --------------------------------------------------
num|3 |0.0106|0.0169|0.1484|1.498|18.9011|184.272|1828.91
      --------------------------------------------------
pow|4 |0.0094|0.0169|0.1459|1.5219|22.7538|206.602|2083.07
      --------------------------------------------------
   |5 |0.0132|0.0354|0.2809|2.8347|34.8864|395.352|3955.96
      --------------------------------------------------
2  |6 |0.0188|0.0334|0.2755|2.9177|33.8708|418.193|4198.72
      --------------------------------------------------

      ------------------size mod of 32 ------------------
      ---------------------size pow 10------------------
      --------------------------------------------------
      |  1   | 2    |    3 |    4 |    5 |    6 |    7 |
      --------------------------------------------------
max|2 |0.0084|0.0189|0.149|1.9447|18.7979|180.437|1806.58
      --------------------------------------------------
num|3 |0.0093|0.0166|0.5307|1.4293|19.0638|182.021|1846.18
      --------------------------------------------------
pow|4 |0.0124|0.0191|0.1559|1.4994|19.8116|210.089|2111.82
      --------------------------------------------------
   |5 |0.0092|0.0179|0.1669|1.5301|20.5126|231.144|2303.58
      --------------------------------------------------
2  |6 |0.0304|0.1304|0.3452|2.7494|36.1319|398.604|4132.56
      --------------------------------------------------

